
5310742316
5310742316
5310742316
5310742316
5217814173
2090771446
2090771446
5123469729
5113883747
5123469729
5174554207
5174554207
5174554207
5211146178
5211146178
5211146178
5176173489
5203901405
5066847678
5273684165
1016851653
5206254719
5206254719
5292585550
5292585550
5133665083
1996009516
5190577545
5246739665
5145591955
5221013927
5195167319
5296232066
5180687497
5039803781
5039803781
5039803781
5334426687
5039803781
5019233896
5287509328
5003688207
5124011273
1600215611
5336579107
5342736635
5119597235
5137991298
5137991298
5137991298
5334426687
5118242285
5334426687
5118242285
5191769492
5261495349
5212706351
5233907617
5159063160
5121640281
5121640281
1500540944
5228566836
5228566836
1695733745
5124893292
5140117602
5264170205
5118597531
5146136020
1863587739
836913026
5118242285
5391160340
1065949943
1985458337
5228566836
1440850563
1358678756
1358678756
1358678756
1358678756
5149177927
5262271220
5033174921
5223885742
5020914985
5034708396
5096931123
554176950
5249941522
5166846774
626973552
5214587276
1446606489
5090292557
5039334963
5019951558
1684252756
5069570558
5081053806
5039683104
5054004886
5181306170
5182046516
5030793182
2033775251
5184217352
5105704470
1963925608
1664626797
1630822492
5225150294
5121640281
1974331584
1974331584
1285110436
485880026
1519397363
5182046516
1025207164
1025207164
1025207164
1025207164
1025207164
1025207164
1025207164
2030564178
5258609336
1190538905
626973552
1068875805
1727947972
1865205124
1865205124
1865205124
1025207164
1003100720
1015814739
5194929609
5194929609
1025207164
2058712857
1404023966
1709118579
937827690
5358060594
5358060594
5358060594
1837082639
5386430323
5340421024
990413294
5201422060
5340421024
1421159783
