1209009546
690633884
5379390288
458419418
663809835
1495179077
1061333581
5182046516
1334780330
1439436575
1605007235
5290701299
795361029
1842513765
1890258356
5209378042
2003375079
5053871602
1444684876
1620555407
5003580985
2001704800
2035410630
1061305925
5052571289
1146074788
2015552942
1315448868
5030069277
5040486410
5128146711
1504025864
1920231238
2087851870
5248839396
723769260
2006567776
5181059492
5216101916
665170723
1864521150
1903555357
1841564216
1900401359
2137641002
792171676
1834987511
5083526460
490514113
1221366830
1579730213
1697886098
1493296835
1508506609
5148413645
349323432
615473750
919337050
1917696574
518841601
1531166954
1973649477
1702948760
5053735921
1891399292
906047938
5027502173
920226183
1613479725
2075946026
1233596389
700158689
1693624581
5099817784
1065815801
1822634597
1709245374
1209772925
1691113013
1963545245
1781177167
783037923
1732777450
465539486
1776949730
1042230844
813497776
1414775027
1831551317
1777511069
1991417942
1031508803
855147421
813460233
1601709202
435753011
5231485532
1811556739
5246346427
5230171498
1191083353
1782664682
5235937502
5340421024
1188472430
5125457591
5225251692
5247072916
658351981
752343360
5217605966
1860171142
5176346929
5250003177
5145695893
792405295
5104313931
5189294701
5261170815
1753218077
5297659970
5121884175
5257362404
1052600533
5113917560
1534124285
1719803848
5258511566
1326571564
1914325352
1675991042
1641398495
5057437997
997109998
1256584669
5015071625
776258163
5023577661
5048961291
1689867382
1577348580
1296228652
1578860034
1930353591
1009942144
1865701067
814097543
1497489530
923983657
5005050834
909389334
1398823148
1141564866
1282577741
1965912632
841962341
1145187108
1786668189
1465759871
1629809460
266419595
5312022260
1224929223
668985716
5066112673
975534159
871228109
674721024
1876087093
1814829173
1403201096
1824316532
645886245
2098154737
1302781437
5118537787
5184169160
608668308
1607929155
869159027
1991338980
5249570908
721264137
1094718395
893296452
1671799003
659411274
519335240
956333874
5051977434
1010647535
1890878999
1375564942
1352532631
984558396
975174648
2051886818
1281224256
2026948539
1716071589
1264639239
1916699009
1029820049
5195446869
1497238445
1813176040
1903214150
462519865
5067155012
857868208
1933656624
5180687497
1862164001
1064836769
1721579916
1057860555
1149814187
1365792460
1579443660
1128747052
1337139037
5118242285
2112960634
5152096679
1006446860
1617976386
2074611539
936688573
1397713923
1965701240
1082229785
1479619109
1378608404
995472883
1741286941
1025811372
5121640281
993230591
5175270784
713397762
1397234292
467848863
5319027921
5323082031
1249983478
5222753459
2032335432
5227290817
1414430417
772289542
5140980243
5275716123
944316971
2026132797
1140729464
1281250387
5302532114
2019908512
5295767514
1524272793
1304992292
996936819
5267832497
5172032670
5215070836
1836615453
1336434343
1906264205
5186992252
174595620
792184249
1064258438
5262972620
1667262332
5175208291
1286603281
2094723025
986531512
5242154515
1701131991
5221933303
1846332068
868756966
1485633927
1424729502
5192991654
5083133499
1216153424
963729102
5342736635
5166352512
5051095822
981960407
951065982
5058463772
5123986312
1298996837
614554755
145131278
5157272090
1170718202
1368022915
610655016
5338077187
1820638213
651881813
5114805664
1821259599
1456568522
1652759580
2132826921
1615620865
1892265552
2113938333
418431632
1523683309
1007169111
5249690158
965160672
1485395198
913109268
554208208
5325879794
1401604393
1096893570
1222522757
764210171
1473556443
1661416922
1763911021
5239956266
1121535417
1985458337
5004321176
787643094
5265938004
1701819964
823794715
1491965864
5100999715
5384628405
870632909
1468471009
150088160
5145379736
1232854005
1961068741
928542872
5129710726
1479750560
1039597458
2026011443
5367727336
1858539793
1713723743
2141736852
1867592246
1579888634
1456104156
5206549887
1612650217
5030811409
851205992
1767321543
1911416585
2024868984
1434357852
5139232194
1173161467
1157172606
857362820
5341898014
974358055
1779807160
1332159267
1490327962
5298835244
5283056058
1445874468
5123581030
806611966
930123298
1874187069
1357812347
1270065281
5261517335
1791694742
1999929635
1600502164
5117152669
1674744536
1234811186
5245521886
1000994405
1856059885
1085655533
1475332650
5368340732
1903322013
1475437858
935555433
853228689
5000349572
977045742
300970915
853342513
1997113473
5374221276
840987868
1174139412
2093369626
1082407377
1029864541
5280965209
824266755
1571844077
5210710759
844490826
983180259
819260680
1333166700
784623159
1478483414
5211699028
2126156320
1621457674
5011376329
1060833608
1257459181
1643733398
1094527320
5016556999
1958140978
1357841139
1956926128
5062808479
1405801586
1961427220
1021359296
1979291352
992993836
940509993
1204962079
880588015
5165648182
5238244573
5272443808
5117562606
1038597158
929717903
1966713397
1630261707
1362883953
2120706388
530349602
5179716201
691688231
838778785
1198477436
1748299612
594207883
5042017465
5212088869
1587253948
1025207164
446130050
1037672024
1140985115
761437410
1846146002
1098971324
5216112906
958881513
642612028
562543860
1220699542
471618089
719067769
711736451
1638837298
5213699066
1889940588
1906481270
1395494909
939553452
940077402
1346463864
1743833080
534919020
830507819
2056961847
1615809549
589176948
1690108966
1265773752
1926436312
1319066520
648414674
421724419
756236670
886312252
869729879
918117514
1424636312
773994855
1882069592
5259219525
5053253223
5372235780
1103984936
2137393141
684260784
626323157
5162425539
509693222
5059058834
1484418897
457610662
5356828967
1306565115
1729817848
845151934
5193006876
1328411140
1202053664
993018243
755630105
5279663288
529428511
843130127
1200845025
939008781
1342277347
981728189
760983917
893344881
1793446215
1309819511
1001496706
415723866
5041099767
766252808
1081398060
2107219071
1650481797
1918777874
1447280726
1159780298
972364831
1440259230
761338239
5218301832
1070052865
1111027550
942290128
1307704310
674686127
1116439635
1313093049
688315740
5030114551
718220390
314290854
831085018
5035074638
1617795248
810322594
300272679
742147424
998694491
1394625574
961556697
997705329
821378576
1833742382
5150785938
789325942
764900983
778205155
1103687545
486260749
1158706539
976890044
794849849
1911065897
5165592941
1332340887
774393821
333114040
522655277
420206659
977973766
1001647019
618443292
1046178208
1192896503
811066415
1474752395
1398175149
1122102654
658464148
5135340039
1016046847
1624232769
774291235
5393519629
1009482573
360402401
914028948
1065589749
5006096901
781656860
1460403221
5254240901
1312451910
752128295
1045280792
621786539
5134302196
881673356
592400327
1038953285
989416813
803884503
1923834878
5033022663
5357737380
1067410350
1322850547
5119597235
1777494398
1253586268
2112600298
1235259922
1888173880
1330019600
1535707342
2049596318
5268235204
1306837082
552015741
1372628492
907985259
5338522456
1345226526
1027587849
640847522
1188933696
653912621
5143017540
423082573
614298111
778134393
5190341363
1326719185
607792244
705552767
992317018
2067095378
1594837774
1746914247
868650546
1297536731
907737916
1646597915
1293623734
1008741657
2136895670
1433385045
1217695328
1150461290
1253819316
1807406257
865578673
2064012238
990950484
1378951542
567939101
386345699
1181312695
1368001121
415450723
1799630222
1866793024
1089876968
1590382364
5008484658
556963147
1295624632
754693842
1206420722
589827705
499344675
637817040
1891301338
1147492682
5059198315
5249114696
2063942635
1848173668
1290710434
908983953
1359022154
1694174801
970834071
249691762
909762318
980185539
851301981
506954313
1132406516
1332786504
719448957
1308772747
1439663093
804683686
1165294923
1594042405
670437116
1248236546
1859434100
792583258
5265469926
5362746220
1060329658
1003723609
5262422566
796363414
872430459
1222197622
720851625
700409198
777606681
673425560
1668498687
1326883493
948729125
572668574
971565992
966122117
854683271
1058695990
1403179861
1245810323
696289869
790460195
304719231
988406868
483132733
1011592413
832095081
913323550
985933589
905421028
1038374334
1151962210
1195261641
1275205403
5082787781
828723890
1971314996
458249901
1456537949
692354271
667476549
1160975004
1217240494
991138371
1253940345
5123944714
1616161515
1920711668
967399015
889210707
5008943319
5256974756
654945824
1261476222
1094277409
5342102923
863043098
5119100515
1408797869
1338691659
1290550853
720829650
789955018
855097419
793066720
474379203
443705866
948828396
714297978
1284126412
1089903170
1881772973
1845437443
5253766745
1191664645
911774335
793038735
916457945
1719265307
808854843
1971113230
1426231249
5342910740
684321513
5124110624
1417835225
2067711901
1483669061
1019547005
1712199844
1333596645
1085434575
5148471144
122929289
750678253
5106548697
760861876
1104563668
1409948497
833268856
1134741240
582534003
1149588137
1071532135
1928870956
1635474459
5281409143
1379579817
5111124797
1705468768
1146474769
1645094073
5156367364
882691391
1671093044
1800783554
771305679
5079040317
1882538910
1548410692
853660511
1197717189
1383601779
983667283
807609093
1627827074
688279590
1063219600
5255884833
742113368
1127350673
1381431420
1274687036
5249551497
2082069839
881830368
1140093214
870629232
1101632436
1176187927
1213532412
1590231217
1089761324
1743894564
1278934482
1187043653
1485887641
477445952
481255474
1094837066
1957689200
1678441473
5385541353
5095438706
704494749
1384471008
5148343868
1794418638
966145745
1197252157
5046420987
1832597245
1087678323
1200919574
1862077978
1394828181
5291390765
864414479
1198722433
5026834657
5369866054
869187879
1020175767
1000915756
1918454364
5064970441
5150715495
853783902
5055458294
622767593
5065486345
962023840
1240200696
5236433447
906354824
1913694233
5396075852
410538520
5381392703
5367945993
835414499
5234909535
714545627
1042893705
790883622
1087996219
1301429518
804904317
1149530036
941627877
5193960357
1835220151
5089279583
1056276055
1539421961
809528070
5334426687
5118242285
5334426687
5342736635
5383767248
5118242285
5334426687
5118242285
923909972
589176948
1945024265
5212681417
5212681417
1312451910
1312451910
967399015
1779807160
1121535417
1368022915
1368022915
731859824
5031971234
1368022915
1256946839
836372591
836372591
1435979904
1368022915
663408942
776764037
1368022915
1368022915
760211863
2097247262
691857805
691857805
1289177068
1405997663
1133654786
1368022915
496006351
496006351
1368022915
2097247262
1918911553
585303648
1779807160
1164120043
5340421024
1281224256
1281224256
1281224256
939511816
939511816
1281224256
939511816
5291390765
797567934
1037819112
950495633
1209009546
1834273947
5118242285
5052571289
5052571289
1439436575
5052571289
759514467
507887414
507887414
5256974756
5256974756
5256974756
1368022915
770788905
667476549
667476549
1385849266
1385849266
1087996219
1903214150
621786539
1903214150
2006567776
869224729
1571844077
1511471357
1275205403
1275205403
1275205403
5118242285
5270188589
5270188589
5102484992
1200940388
1763457045
1108657771
5342736635
1903214150
5214587276
5249941522
1684252756
1267021580
1684252756
2019737162
1287630198
5214587276
5214587276
1267021580
5181059492
1779807160
5181059492
1383601779
5181059492
1383601779
1985458337
1383601779
1383601779
1439436575
1383601779
813302392
2097652376
813302392
5249941522
744198094
1067303332
1065654650
951336600
5083526460
5310306362
942290128
1457677090
704494749
1913736703
1500540944
1966713397
1966713397
1500540944
1500540944
5248839396
1134741240
1500540944
1158706539
5256974756
772289542
1475437858
1037672024
5182046516
1061333581
1281224256
1281224256
5341898014
2024868984
1332340887
790883622
942290128
723769260
1620555407
5180687497
5180687497
1617976386
1620555407
1845437443
5003580985
1600215611
5291390765
1439436575
1621457674
5192991654
1367725700
1571844077
1367725700
5356828967
5281409143
1979291352
1368022915
5118242285
1149588137
1579443660
5248839396
5165648182
1495179077
1620555407
950495633
5181059492
1275205403
5334426687
1197717189
1302781437
1000915756
939511816
1903214150
881830368
1903214150
965160672
5216101916
1383601779
1383601779
5118242285
1058695990
1579443660
5121640281
1326571564
688279590
5211699028
1444684876
614554755
1217240494
1235259922
1020175767
783037923
1312451910
1985458337
1379579817
5249570908
1200919574
615473750
991138371
1779807160
1383601779
5239956266
2094723025
2094723025
1504025864
5117562606
1504025864
778205155
5059198315
2112600298
1621457674
1571844077
658351981
