1621457674
1621457674


1011825870

1302781437





1028698911





5241667356



























5062087376

5121640281



5062087376









































































































































5256974756











1302781437

2146926886









1302781437



1302781437













5248839396

5248839396

5248839396

5248839396











1495179077





























































5318521815







5119597235





5121640281





































5275716123

5275716123

5275716123









1495179077



5275716123











1495179077

















1302781437



























































































458419418

































1495179077





































































1495179077













1434920158







1434920158

1434920158



1434920158



1434920158



1434920158





1434920158

1434920158

1434920158

1434920158



1434920158





1434920158



1434920158



1434920158



1434920158













1133654786















































































1011825870

5019233896

5019233896

5019233896

5296232066





5118242285











5019233896









1600215611

1600215611

1600215611

1600215611



1571844077



531852181

5192991654





















5318521815















5258676955













5334426687













1285450496



1285450496







1285450496

1285450496



1285450496







5121640281













5228566836





5228566836







5228566836











1285450496

1285450496



1285450496

1285450496

1285450496

1495179077











1617976386







































1134741240



























5265124598







5265124598

























5265124598





1358678756

1285450496

1285450496

1285450496

1285450496



1285450496



1285450496

1285450496

5265124598

5238244573

1285450496

5238244573

5238244573

5238244573

1285450496

1285450496

1285450496

5238244573

1285450496

1285450496

1285450496

1285450496

1285450496





5265124598



1285450496

1285450496

1285450496

1285450496

1285450496





















5265124598





1630822492







759690642









5265124598



5265124598







485880026





5228566836







1025207164













5265124598

















5265124598



1025207164























5265124598





5265124598



















5238244573









5265124598



5265124598

















5114563242





















5114563242



5114563242



































5114563242























5114563242























5358060594







5265124598



5340421024







5340421024



5114563242



5275716123









await message.answer('xui')























5340421024









